0,322
0,459
0,408
43,2
43,3
29,3
48,52
48,51
48,50
48,49
48,48
48,47
48,46
48,45
48,44
48,43
48,42
48,41
48,40
48,39
48,38
48,37
48,36
48,35
29,1
29,4
30,5
45,1
45,4
46,4
41,1
41,4
39,1
39,4
34,1
34,3
32,1
32,3
30,1
30,3
47,1
47,3
46,1
46,3
27,1
27,3
0,273
0,270
21,3
21,2
21,1
21,0
20,3
20,2
20,1
19,3
19,2
19,1
18,3
18,1
12,3
12,2
12,1
11,3
11,2
11,1
10,3
10,2
10,1
9,3
9,2
9,1
8,3
8,2
8,1
7,13
7,12
7,11
7,10
2,2
7,9
2,1
7,8
2,3
7,7
7,6
7,5
7,4
7,1
6,6
6,5
6,4
6,1
4,88
4,87
4,86
4,85
4,84
4,83
4,82
4,81
4,80
4,79
4,78
4,77
4,1
3,3
3,2
3,1
0,0
